,Iteration,Loss,Gap,Local Gaps
0,0.0,0.2794775664806366,0.004455752205103636,0.004455752205103636
1,1.0,0.065093033015728,0.0024581411853432655,0.00047395427827723324
2,2.0,0.027161555364727974,0.0008633567485958338,0.0002364063693676144
3,3.0,0.017676901072263718,0.00038414791924878955,0.0007424017530865967
4,4.0,0.019043175503611565,0.00014903463306836784,0.0003610252751968801
5,5.0,0.018321000039577484,0.00011744879884645343,0.0005556581309065223
6,6.0,0.019779980182647705,7.145509152906016e-05,0.0003827368200290948
7,7.0,0.017141124233603477,0.00010409227979835123,0.0007612831541337073
8,8.0,0.020767750218510628,0.00010917673353105783,0.0008784983074292541
9,9.0,0.01429616566747427,3.386682510608807e-05,0.00022949151752982289
10,10.0,0.017222538590431213,6.341586413327605e-05,0.0006637076730839908
11,11.0,0.025172550231218338,6.0412650782382116e-05,0.0006615359452553093
12,12.0,0.015551223419606686,4.910575080430135e-05,0.0005779621424153447
13,13.0,0.015231555327773094,5.122172660776414e-05,0.0006679984508082271
14,14.0,0.020750867202878,2.6144418370677158e-05,0.00034094456350430846
15,15.0,0.014708560891449451,4.7654812078690156e-05,0.0007363325566984713
16,16.0,0.03888726979494095,6.157232564873993e-05,0.0010178090305998921
17,17.0,0.005025133024901152,1.149066611105809e-05,0.00014676031423732638
18,18.0,0.0012371963821351528,2.398619244559086e-06,3.4328251786064357e-05
19,19.0,0.0007272015791386366,2.1837245185452048e-06,4.1300299926660955e-05
20,20.0,0.0008393848547711968,2.051702949756873e-06,4.1267114283982664e-05
21,21.0,0.0017173211090266705,1.5293952628780971e-06,3.159499101457186e-05
22,22.0,0.001001492259092629,1.5108108755157446e-06,3.3219253964489326e-05
23,23.0,0.0007283848244696856,1.4027735915078665e-06,3.2155752705875784e-05
24,24.0,0.0005353618180379272,9.500586770627706e-07,2.2471749616670422e-05
25,25.0,0.0003641920629888773,8.136355518217897e-07,2.0204466636641882e-05
26,26.0,0.0004605252470355481,8.723127393750474e-07,2.2793396055931225e-05
27,27.0,0.002078457735478878,7.552848728664685e-07,2.027566370088607e-05
28,28.0,0.0003601056232582778,6.904563178977696e-07,1.9324910681461915e-05
29,29.0,0.000569718424230814,6.251051445360645e-07,1.808337401598692e-05
30,30.0,0.0005205914494581521,6.006813464409788e-07,1.799601704988163e-05
31,31.0,0.0004621354164555669,6.026212417964416e-07,1.8687103874981403e-05
32,32.0,0.04112652689218521,1.106544823414879e-05,0.0003645996330305934
33,33.0,0.024724174290895462,5.163108198757982e-06,0.00016821161261759698
34,34.0,0.023033272475004196,9.544719432597049e-06,0.0003326584701426327
35,35.0,0.021322550252079964,1.2831079402531032e-05,0.0004523741372395307
36,36.0,0.017610233277082443,1.183933545689797e-05,0.0004252243088558316
37,37.0,0.014211516827344894,6.044936981197679e-06,0.00022671280021313578
38,38.0,0.01894303597509861,8.637407518108375e-06,0.00033464370062574744
39,39.0,0.017149973660707474,1.4694645869894885e-05,0.0005791484145447612
40,40.0,0.013134632259607315,1.2662813787756022e-05,0.0005044807330705225
41,41.0,0.018995244055986404,1.328033522440819e-05,0.0005451113102026284
42,42.0,0.01517835259437561,1.2141590559622273e-05,0.0005088080652058125
43,43.0,0.014806417748332024,8.506312042300124e-06,0.00036213613930158317
44,44.0,0.011191658675670624,9.990058970288374e-06,0.00044104631524533033
45,45.0,0.019283369183540344,9.7115698736161e-06,0.000436742149759084
46,46.0,0.017258282750844955,7.77562763687456e-06,0.00035574292996898293
47,47.0,0.017879668623209,8.239208000304643e-06,0.000387706357287243
48,48.0,0.016810471192002296,1.1563161024241708e-05,0.0005583556485362351
49,49.0,0.014188983477652073,6.9153161348367576e-06,0.00033822079421952367
50,50.0,0.017089910805225372,6.1352002376224846e-06,0.00030753633473068476
51,51.0,0.014469370245933533,7.698131412325893e-06,0.0003941676113754511
52,52.0,0.02028622291982174,4.342449301475426e-06,0.00022245167929213494
53,53.0,0.013997359201312065,7.893506335676648e-06,0.00042190690874122083
54,54.0,0.02029321901500225,6.691728231089655e-06,0.0003601515491027385
55,55.0,0.01519065722823143,7.41506710255635e-06,0.00040855203405953944
56,56.0,0.0128778126090765,4.6072077566350345e-06,0.000258255866356194
57,57.0,0.015041939914226532,7.0176402005017735e-06,0.00040301555418409407
58,58.0,0.01173480600118637,6.170441338326782e-06,0.00035703839967027307
59,59.0,0.015872932970523834,5.6535768635512795e-06,0.00033304415410384536
60,60.0,0.01664859615266323,3.687036041810643e-06,0.00022382751922123134
61,61.0,0.015844061970710754,1.0607347576296888e-05,0.0006543004419654608
62,62.0,0.011624298058450222,1.0344313523091841e-05,0.000641084392555058
63,63.0,0.02503363788127899,4.181860276730731e-06,0.00025729474145919085
64,64.0,0.01739652268588543,1.1852628631459083e-05,0.0007662390125915408
65,65.0,0.010437707416713238,6.070570179872448e-06,0.00038880499778315425
66,66.0,0.01202024519443512,6.076845693314681e-06,0.00040107808308675885
67,67.0,0.013588644564151764,4.878644631389761e-06,0.00032567098969593644
68,68.0,0.014832692220807076,9.08953916223254e-06,0.0006222995580174029
69,69.0,0.012732082046568394,6.5529634412087034e-06,0.00044961791718378663
70,70.0,0.019400374963879585,7.933019332995173e-06,0.0005566914333030581
71,71.0,0.017200469970703125,7.002469828876201e-06,0.0005025533610023558
72,72.0,0.02053590677678585,1.1350037311785854e-05,0.0008221346070058644
73,73.0,0.002575953956693411,2.2385220290743746e-06,0.00015461421571671963
74,74.0,0.00043683077092282474,7.701086701672466e-07,5.580034485319629e-05
75,75.0,0.00031783065060153604,8.064743042268674e-07,6.052193930372596e-05
76,76.0,0.0005504104774445295,2.8879162528028246e-07,2.1430480046547018e-05
77,77.0,0.0011411288287490606,2.4727680170144595e-07,1.8998798623215407e-05
78,78.0,0.00020561367273330688,2.8639047400247364e-07,2.2377571440301836e-05
79,79.0,0.0028748277109116316,2.568107788647467e-07,2.0294281057431363e-05
80,80.0,0.0015232012374326587,1.1218656936762272e-06,9.061431046575308e-05
81,81.0,0.001914341701194644,8.866929306350357e-07,7.1586953708902e-05
82,82.0,0.0011894917115569115,6.864328270239639e-07,5.624856203212403e-05
83,83.0,0.0017207653727382421,6.607612590414647e-07,5.481751577463001e-05
84,84.0,0.0013598253717646003,6.2100275499688e-07,5.212447285884991e-05
85,85.0,0.0022247000597417355,6.65798097543302e-07,5.666000288329087e-05
86,86.0,0.0011815138859674335,7.234461349980847e-07,6.246369594009593e-05
87,87.0,0.0010563737014308572,6.078801106923493e-07,5.296995004755445e-05
88,88.0,0.041117116808891296,4.135787548875669e-06,0.00036750544677488506
89,89.0,0.02230893075466156,4.7595176511094905e-06,0.00042689693509601057
90,90.0,0.013314729556441307,5.146033799974248e-06,0.00046352954814210534
91,91.0,0.021049389615654945,5.647644684358966e-06,0.000514437269885093
92,92.0,0.014206599444150925,5.779262210126035e-06,0.000531823723576963
93,93.0,0.013304010033607483,1.9619085378508316e-06,0.00018365844152867794
94,94.0,0.01617228053510189,2.4584223865531385e-06,0.0002320062048966065
95,95.0,0.016823895275592804,4.7982052819861565e-06,0.0004581692919600755
96,96.0,0.021268781274557114,4.358396836323664e-06,0.00041796630830504
97,97.0,0.01643119379878044,6.716593816236127e-06,0.000653867784421891
98,98.0,0.01685641147196293,6.172947905724868e-06,0.0006044052424840629
99,99.0,0.024006567895412445,4.163119228905998e-06,0.00041013897862285376
100,100.0,0.013934447430074215,2.5057579478016123e-06,0.0002511239727027714
101,101.0,0.016048574820160866,4.821767561224988e-06,0.0004896908649243414
102,102.0,0.016741279512643814,5.749269348598318e-06,0.0005873530171811581
103,103.0,0.014509892091155052,4.6001905502635054e-06,0.0004726705374196172
104,104.0,0.015591781586408615,6.0191941884113476e-06,0.0006274151965044439
105,105.0,0.01710241474211216,4.4503690332931e-06,0.0004657199315261096
106,106.0,0.013765504583716393,2.6186626200797036e-06,0.0002757465117610991
107,107.0,0.0170047115534544,3.93992331737536e-06,0.0004228930629324168
108,108.0,0.015044432133436203,2.865502437998657e-06,0.00030839984538033605
109,109.0,0.017189353704452515,2.3485420115321176e-06,0.0002554741222411394
110,110.0,0.019186243414878845,3.1572380976285785e-06,0.0003481048916000873
111,111.0,0.01594138890504837,4.759559942613123e-06,0.0005299134645611048
112,112.0,0.011522178538143635,2.7342402972863056e-06,0.00030420959228649735
113,113.0,0.014460930600762367,5.503777174453717e-06,0.0006246963748708367
114,114.0,0.02050378918647766,4.034092398796929e-06,0.00045841687824577093
115,115.0,0.01422079186886549,3.4208148917969083e-06,0.0003927804355043918
116,116.0,0.014988522045314312,3.854206624964718e-06,0.00045002292608842254
117,117.0,0.017745770514011383,3.6149349398328923e-06,0.0004258120898157358
118,118.0,0.019297627732157707,3.963465132983401e-06,0.0004686758329626173
119,119.0,0.014523989520967007,3.7958266148052644e-06,0.0004547559074126184
120,120.0,0.01633382961153984,4.5329411477723625e-06,0.0005446980358101428
121,121.0,0.015972010791301727,6.0892234614584595e-06,0.0007383523625321686
122,122.0,0.024538997560739517,1.5471081269424758e-06,0.00018759534577839077
123,123.0,0.018025638535618782,5.297923507896485e-06,0.0006557860178872943
124,124.0,0.016244281083345413,3.4106640214304207e-06,0.0004210350743960589
125,125.0,0.016918443143367767,3.5836733331962023e-06,0.0004481321666389704
126,126.0,0.01886688359081745,4.797338078788016e-06,0.0006056782440282404
127,127.0,0.014273296110332012,2.0394729745021323e-06,0.00025625521084293723
128,128.0,0.036115631461143494,8.751809218665585e-06,0.0011269438546150923
129,129.0,0.012184200808405876,7.109928787940589e-07,8.370540308533236e-05
130,130.0,0.0030074436217546463,9.019399840326514e-07,0.00011744314542738721
131,131.0,0.0036475583910942078,9.229163993040856e-07,0.00012092302495148033
132,132.0,0.0024983235634863377,8.289249535664567e-07,0.0001093241007765755
133,133.0,0.0018904487369582057,8.234674169216305e-07,0.00010951570584438741
134,134.0,0.0022952775470912457,7.664027066311974e-07,0.00010264090087730438
135,135.0,0.0021778689697384834,7.209374643935007e-07,9.742129623191431e-05
136,136.0,0.0007747876225039363,2.5811161208366684e-07,3.477324571576901e-05
137,137.0,0.0008456164505332708,2.7659478973873775e-07,3.79776356567163e-05
138,138.0,0.0008383990498259664,3.4820752148334577e-07,4.814669591723941e-05
139,139.0,0.0007892160210758448,3.353171109665709e-07,4.659618571167812e-05
140,140.0,0.001505937660112977,3.544156754742289e-07,4.963729588780552e-05
141,141.0,0.0023633060045540333,3.9691755659987393e-07,5.600787699222565e-05
142,142.0,0.0007273009396158159,3.79218477064569e-07,5.3831325203645974e-05
143,143.0,0.0007909791311249137,4.4317715719444095e-07,6.343829591060057e-05
144,144.0,0.03401469811797142,1.8282431710758829e-06,0.000264763250015676
145,145.0,0.03228765353560448,1.2764204484483344e-06,0.00018452914082445204
146,146.0,0.03227243945002556,1.3942127452537534e-06,0.00020471875905059278
147,147.0,0.016688425093889236,5.11730490870832e-07,7.448820542776957e-05
148,148.0,0.12407374382019043,2.3685968244535616e-06,0.00035264648613519967
149,149.0,0.02134755626320839,2.4507951366103953e-06,0.00036525068571791053
150,150.0,0.020786680281162262,8.038145438149513e-07,0.00011892519978573546
151,151.0,0.026277242228388786,2.8514518817246426e-06,0.0004326168564148247
152,152.0,0.018124248832464218,4.869208169111516e-06,0.0007421373738907278
153,153.0,0.015803446993231773,3.294961743449676e-06,0.0005025549326092005
154,154.0,0.021694008260965347,2.701528728721314e-06,0.0004154419875703752
155,155.0,0.017300236970186234,3.699471562867984e-06,0.0005744160152971745
156,156.0,0.013839058578014374,2.4665025648573646e-06,0.0003835414245259017
157,157.0,0.012907949276268482,3.900564024661435e-06,0.0006138226017355919
158,158.0,0.01636003516614437,2.678534883671091e-06,0.00042198647861368954
159,159.0,0.016010969877243042,1.407602098879579e-06,0.00022253779752645642
160,160.0,0.013595353811979294,2.711163688218221e-06,0.0004350897506810725
161,161.0,0.017056386917829514,2.771579602267593e-06,0.00044628471368923783
162,162.0,0.01798420585691929,3.845817445835564e-06,0.0006240966613404453
163,163.0,0.01612900197505951,3.646218374342425e-06,0.0005941339768469334
164,164.0,0.01670309156179428,1.7914888985615107e-06,0.000291949458187446
165,165.0,0.014125566929578781,2.0410427623573923e-06,0.00033702162909321487
166,166.0,0.012415117584168911,2.635950067997328e-06,0.00043816259130835533
167,167.0,0.0214358139783144,3.329113042127574e-06,0.0005566550535149872
168,168.0,0.011806227266788483,3.2402076612925157e-06,0.0005442659603431821
169,169.0,0.019317878410220146,2.450231249895296e-06,0.00041329910163767636
170,170.0,0.012272092513740063,1.928202209455776e-06,0.0003272723697591573
171,171.0,0.018013330176472664,2.555300852691289e-06,0.00043758354149758816
172,172.0,0.01720506325364113,3.546588004610385e-06,0.0006110044196248055
173,173.0,0.012363709509372711,2.3645534383831546e-06,0.0004078857018612325
174,174.0,0.015544917434453964,2.0418040094227763e-06,0.0003549511602614075
175,175.0,0.025615286082029343,2.6666543817555066e-06,0.00046728935558348894
176,176.0,0.016637375578284264,3.21917991641385e-06,0.0005671281833201647
177,177.0,0.021996378898620605,2.2068786620366154e-06,0.0003896052367053926
178,178.0,0.0226321779191494,6.206480520631885e-06,0.001108753145672381
179,179.0,0.026606688275933266,2.70847772299021e-06,0.00048131949733942747
180,180.0,0.049108657985925674,2.1473908873304026e-06,0.0003859692660626024
181,181.0,0.01946493610739708,4.139656994084362e-06,0.0007512701558880508
182,182.0,0.016385991126298904,2.0423167370609008e-06,0.00036960429861210287
183,183.0,0.019450196996331215,3.826271949947113e-06,0.000701991724781692
184,184.0,0.014897983521223068,6.06723187956959e-06,0.001121946726925671
185,185.0,0.009493933990597725,1.2822358712583082e-06,0.00023242863244377077
186,186.0,0.00821597222238779,8.594477094447939e-07,0.00015943447942845523
187,187.0,0.002994137117639184,7.37501693492959e-07,0.00013779086293652654
188,188.0,0.003330859122797847,8.022847168831504e-07,0.00015091832028701901
189,189.0,0.002470755949616432,6.297339041339001e-07,0.00011884715786436573
190,190.0,0.0036144726909697056,6.50289791792602e-07,0.00012370421609375626
191,191.0,0.0021891172509640455,5.530537237063982e-07,0.00010570493759587407
192,192.0,0.0013464746298268437,2.626497348501289e-07,5.0218059186590835e-05
193,193.0,0.0008029850432649255,3.0981289000919787e-07,5.986845280858688e-05
194,194.0,0.000876341131515801,3.4874190646405623e-07,6.769486208213493e-05
195,195.0,0.001876282156445086,2.7624696485872846e-07,5.389993384596892e-05
196,196.0,0.0009763403213582933,3.0539396789208695e-07,5.992011574562639e-05
197,197.0,0.0009210764546878636,2.924406601323426e-07,5.759785926784389e-05
198,198.0,0.0013234610669314861,2.8519676220639667e-07,5.6461718486389145e-05
199,199.0,0.0011054726783186197,2.534688121613726e-07,5.0408565584803e-05
200,200.0,0.12911950051784515,2.5713802642712835e-06,0.000516692001838237
201,201.0,0.051305871456861496,1.3704978982786997e-06,0.0002742692013271153
202,202.0,0.03220986947417259,8.372849720217346e-07,0.00016859834431670606
203,203.0,0.02219567261636257,1.6390041537306388e-06,0.0003338968090247363
204,204.0,0.026149699464440346,1.0141826578546898e-06,0.0002075707889162004
205,205.0,0.0197158046066761,7.967092869876069e-07,0.0001631079358048737
206,206.0,0.022884543985128403,1.386386657031835e-06,0.00028618532815016806
207,207.0,0.020727507770061493,2.2896615519130137e-06,0.0004757906717713922
208,208.0,0.02329896204173565,2.8703150292130886e-06,0.0005978378467261791
209,209.0,0.016282500699162483,1.4513869928123313e-06,0.0003019209543708712
210,210.0,0.012902844697237015,1.1745077017621952e-06,0.00024762528482824564
211,211.0,0.014900248497724533,2.6249763322994113e-06,0.0005554174422286451
212,212.0,0.01797725446522236,1.3316240483618458e-06,0.0002810109290294349
213,213.0,0.016213152557611465,1.5656604546165909e-06,0.0003348224563524127
214,214.0,0.0163094662129879,2.6013265141955344e-06,0.0005589887732639909
215,215.0,0.011612900532782078,2.2098438421380706e-06,0.00047472494770772755
216,216.0,0.019992060959339142,1.5512349591517705e-06,0.00033440813422203064
217,217.0,0.022212140262126923,1.8657491409612703e-06,0.0004051820724271238
218,218.0,0.026133302599191666,1.1921297300432343e-06,0.0002609555085655302
219,219.0,0.025624051690101624,2.8138172183389543e-06,0.0006179635529406369
220,220.0,0.02024891972541809,2.3283603240997763e-06,0.0005117538385093212
221,221.0,0.021199023351073265,2.57962210525875e-06,0.0005703477654606104
222,222.0,0.02762560173869133,1.715734015306225e-06,0.0003800290578510612
223,223.0,0.02633615955710411,3.6496389839157928e-06,0.0008158034179359674
224,224.0,0.019171031191945076,4.018716481368756e-06,0.0009005615720525384
225,225.0,0.025121940299868584,3.4428001072228653e-06,0.0007740540895611048
226,226.0,0.02091612108051777,3.2229361295321723e-06,0.0007281636935658753
227,227.0,0.016909396275877953,1.7535038523419644e-06,0.0003965759533457458
228,228.0,0.020196735858917236,2.7680284802045207e-06,0.0006321250111795962
229,229.0,0.01835079863667488,2.7861831313202856e-06,0.0006380541017279029
230,230.0,0.03798569738864899,2.1412758997030323e-06,0.0004918485647067428
231,231.0,0.014891527593135834,2.7672738269757247e-06,0.000639866222627461
232,232.0,0.020234689116477966,1.58516263581987e-06,0.0003665756084956229
233,233.0,0.012956124730408192,5.142132408764155e-07,0.00011874073243234307
234,234.0,0.0188997071236372,1.1266755564065534e-06,0.0002642545441631228
235,235.0,0.028715863823890686,1.4586721590603702e-06,0.0003438914136495441
236,236.0,0.015368768945336342,1.7443405795347644e-06,0.00041298396536149085
237,237.0,0.016276996582746506,1.0651505135683692e-06,0.0002517614921089262
238,238.0,0.01781403087079525,1.8619745105752372e-06,0.00044394677388481796
239,239.0,0.018944615498185158,6.508337264676811e-07,0.00015433812222909182
240,240.0,0.05063117668032646,5.685641099262284e-06,0.001369588659144938
241,241.0,0.00962721835821867,1.9107262687612092e-06,0.00045671011321246624
242,242.0,0.01635044440627098,1.1042681080652983e-06,0.0002664264175109565
243,243.0,0.005640371702611446,7.596523801112198e-07,0.00018425090820528567
244,244.0,0.004233816638588905,5.582738253906427e-07,0.0001360174355795607
245,245.0,0.003194887423887849,5.265005142973678e-07,0.00012896086263936013
246,246.0,0.003723431844264269,4.443116949914838e-07,0.00010921848297584802
247,247.0,0.003859509015455842,4.186884723367257e-07,0.00010339042637497187
248,248.0,0.0013974893372505903,1.4954210314499505e-07,3.6817295040236786e-05
249,249.0,0.0009439311688765883,1.246826997203243e-07,3.1052219128469005e-05
250,250.0,0.0007361687603406608,1.4777242540731095e-07,3.696619387483224e-05
251,251.0,0.000998170580714941,1.6993216434002534e-07,4.267902477295138e-05
252,252.0,0.009023943915963173,1.3277154664592672e-07,3.342126728966832e-05
253,253.0,0.00074068020330742,1.420399939888739e-07,3.594538793549873e-05
254,254.0,0.0010130716254934669,1.310591528635996e-07,3.327804370201193e-05
255,255.0,0.0009039121214300394,1.517726815336573e-07,3.872274828609079e-05
256,256.0,0.001809862907975912,1.4734726505594153e-07,3.771647607209161e-05
257,257.0,0.0030608265660703182,1.3547433752592042e-07,3.480503073660657e-05
258,258.0,0.0007413178100250661,1.3332497417195555e-07,3.439569263719022e-05
259,259.0,0.0036339054349809885,1.2676629523866723e-07,3.284649210399948e-05
260,260.0,0.00042343835229985416,1.0947447748321792e-07,2.84624366031494e-05
261,261.0,0.0005596568807959557,9.267050415928679e-08,2.4170198230422102e-05
262,262.0,0.0005897339433431625,1.0059135036044609e-07,2.6389045160613023e-05
263,263.0,0.0009628729312680662,9.894796448861598e-08,2.6026509658549912e-05
264,264.0,0.06665948033332825,1.8633808167578536e-06,0.0004937017220072448
265,265.0,0.0439910851418972,1.4315697853817255e-06,0.00037893420085310936
266,266.0,0.04844723641872406,9.303078627453942e-07,0.0002470914914738387
267,267.0,0.030218837782740593,1.262676960323006e-06,0.0003380303387530148
268,268.0,0.02420249581336975,8.152795203386631e-07,0.00021804752759635448
269,269.0,0.023533370345830917,6.379210049090034e-07,0.00017142338037956506
270,270.0,0.03217482939362526,9.474833859712817e-07,0.0002561300643719733
271,271.0,0.022655842825770378,1.223786398441007e-06,0.00033234141301363707
272,272.0,0.06156952679157257,5.506586830961169e-07,0.00014958374958951026
273,273.0,0.03807670623064041,3.681324471926928e-07,0.0001003176294034347
274,274.0,0.027031967416405678,3.053003865716164e-06,0.0008394363103434443
275,275.0,0.02911420725286007,1.390029865433462e-06,0.0003805952437687665
276,276.0,0.024505533277988434,1.8495145468477858e-06,0.0005119296256452799
277,277.0,0.022046513855457306,1.6513612308699521e-06,0.0004584589914884418
278,278.0,0.028059082105755806,1.5450235650860122e-06,0.00042941022547893226
279,279.0,0.027582906186580658,7.47498461350915e-07,0.0002089000481646508
280,280.0,0.023898527026176453,2.802409653668292e-06,0.0007868047105148435
281,281.0,0.01942623406648636,2.312927790626418e-06,0.0006494432454928756
282,282.0,0.02256665751338005,2.1798493889946258e-06,0.0006166524835862219
283,283.0,0.020588474348187447,1.7574590174262994e-06,0.0004987858701497316
284,284.0,0.025922270491719246,1.1084164270869223e-06,0.0003141412162221968
285,285.0,0.027471117675304413,2.0409438548085745e-06,0.0005826015258207917
286,286.0,0.030692551285028458,2.147998429791187e-06,0.0006144345970824361
287,287.0,0.07864923775196075,8.038244345698331e-07,0.00022935344895813614
288,288.0,0.039795901626348495,4.3868149077752605e-06,0.0012672202428802848
289,289.0,0.02656603418290615,1.8822414631358697e-06,0.0005414632032625377
290,290.0,0.014319922775030136,1.0526243841013638e-06,0.0003044314798898995
291,291.0,0.009762832894921303,6.84927897509624e-07,0.00019894631986971945
292,292.0,0.002677984070032835,5.186881821828138e-07,0.00015129070379771292
293,293.0,0.00165530014783144,4.435035236838303e-07,0.0001298713468713686
294,294.0,0.0038078646175563335,2.931658968918782e-07,8.604043250670657e-05
295,295.0,0.002538305940106511,2.3169300789049885e-07,6.828796904301271e-05
296,296.0,0.0014852610183879733,9.797432909408599e-08,2.8904782084282488e-05
297,297.0,0.0005152596859261394,9.302279124767665e-08,2.7627123927231878e-05
298,298.0,0.0011042796541005373,7.840784377322052e-08,2.336251964152325e-05
299,299.0,0.003468165174126625,9.254760868770973e-08,2.7694048185367137e-05
300,300.0,0.0005384005489759147,1.0169166131390739e-07,3.0516643164446577e-05
301,301.0,0.0007934494642540812,9.689500046761168e-08,2.9160597478039563e-05
302,302.0,0.0009311771136708558,8.54316937193289e-08,2.5788907805690542e-05
303,303.0,0.0006701754173263907,8.980487820053895e-08,2.721525015658699e-05
304,304.0,0.0009513114346191287,9.295617786619914e-08,2.8291020498727448e-05
305,305.0,0.0012043649330735207,8.944143559119766e-08,2.7292171580484137e-05
306,306.0,0.001139886095188558,9.90890498542285e-08,3.0330897061503492e-05
307,307.0,0.0003943124902434647,9.707413539672416e-08,2.9799744879710488e-05
308,308.0,0.0026032491587102413,1.1850259085122161e-07,3.652022496680729e-05
309,309.0,0.001895004534162581,8.870657808301985e-08,2.743667755567003e-05
310,310.0,0.0029805144295096397,1.0144616169327492e-07,3.146806193399243e-05
311,311.0,0.0005186025518923998,9.104959985961614e-08,2.8306028980296105e-05
312,312.0,0.0004917436162941158,8.01764699076557e-08,2.5004184863064438e-05
313,313.0,0.0020472353789955378,7.755006947718357e-08,2.4276820113300346e-05
314,314.0,0.0002942225255537778,8.59377493611646e-08,2.699592732824385e-05
315,315.0,0.00025972299044951797,8.504623849603377e-08,2.678867349459324e-05
316,316.0,0.00047513574827462435,8.847930388355962e-08,2.796289300022181e-05
317,317.0,0.00047504069516435266,9.05078891833e-08,2.8693029889836907e-05
318,318.0,0.0002849292941391468,7.969946125285787e-08,2.5333620214951225e-05
319,319.0,0.00026019717915914953,8.648256510923602e-08,2.7594722268986516e-05
320,320.0,0.0005017725634388626,8.926426176003588e-08,2.8567344998009503e-05
321,321.0,0.00047925999388098717,9.375218468221647e-08,3.0100827643764205e-05
322,322.0,0.0007691731443628669,9.184268634498949e-08,2.957337346742861e-05
323,323.0,0.0004173896159045398,8.321178057713041e-08,2.6883666578214616e-05
324,324.0,0.0002810926816891879,7.356459263974102e-08,2.383524588367436e-05
325,325.0,0.003622149582952261,8.023403808010698e-08,2.6082730983034708e-05
326,326.0,0.00021610163094010204,6.909375827035547e-08,2.253703678434249e-05
327,327.0,0.000436240661656484,7.161203541272698e-08,2.3419654098688625e-05
328,328.0,0.08036097139120102,1.4296250583356596e-06,0.00047031554277054965
329,329.0,0.06529994308948517,9.592447440809337e-07,0.00031519753974862397
330,330.0,0.03586704656481743,8.822189556667581e-07,0.00029108577291481197
331,331.0,0.021210838109254837,3.3859603831842833e-07,0.00011153166997246444
332,332.0,0.046316854655742645,6.032459509697219e-07,0.00020075814973097295
333,333.0,0.0265952255576849,1.1668554407151532e-06,0.00038942531682550907
334,334.0,0.0276641882956028,9.208504820890084e-07,0.0003081436443608254
335,335.0,0.05121193826198578,6.137896662039566e-07,0.00020531247719191015
336,336.0,0.03334880247712135,1.2983493888896191e-06,0.0004369299567770213
337,337.0,0.02654307894408703,4.928684802507632e-07,0.00016593156033195555
338,338.0,0.01975039765238762,1.2672423963522306e-06,0.0004291023069527
339,339.0,0.019556580111384392,8.215960747293138e-07,0.00027891877107322216
340,340.0,0.03479482978582382,6.048801992619701e-07,0.0002060238184640184
341,341.0,0.017701681703329086,7.170874027906393e-07,0.0002447202568873763
342,342.0,0.019883453845977783,1.969448959471265e-07,6.742645928170532e-05
343,343.0,0.023221969604492188,1.5361930536528234e-06,0.0005283312639221549
344,344.0,0.02421509101986885,5.699905614164891e-07,0.00019648586749099195
345,345.0,0.02204960770905018,1.060213662640308e-06,0.0003667318378575146
346,346.0,0.020650068297982216,5.259302611193561e-07,0.00018225745589006692
347,347.0,0.017963692545890808,6.792605518057826e-07,0.0002363093226449564
348,348.0,0.029998909682035446,1.0975277291436214e-06,0.0003828645567409694
349,349.0,0.022650830447673798,7.156592687351804e-07,0.0002500531845726073
350,350.0,0.01743387058377266,2.2273275135376025e-06,0.000781277019996196
351,351.0,0.024480856955051422,1.7069912701117573e-06,0.0005986336036585271
352,352.0,0.04014899209141731,3.220258577130153e-06,0.001135044265538454
353,353.0,0.022007394582033157,1.9385270206839778e-06,0.0006830182974226773
354,354.0,0.01084493100643158,1.3866950894225738e-06,0.0004903381923213601
355,355.0,0.009741020388901234,1.1162584314661217e-06,0.00039600132731720805
356,356.0,0.007025733590126038,9.357970611745259e-07,0.00033296330366283655
357,357.0,0.008214879781007767,7.371645551756956e-07,0.0002629691152833402
358,358.0,0.012813357636332512,6.655737365690584e-07,0.0002382037928327918
359,359.0,0.010104521177709103,6.513317885037395e-07,0.00023390458954963833
360,360.0,0.0019587872084230185,5.921617685089586e-07,0.00021311907039489597
361,361.0,0.004604333080351353,4.3401536231613136e-07,0.00015652140427846462
362,362.0,0.01272457093000412,3.23835024573782e-07,0.00011711809929693118
363,363.0,0.0013814044650644064,2.4648306862218305e-07,8.940511906985193e-05
364,364.0,0.001498285448178649,2.2065236748858297e-07,8.029163291212171e-05
365,365.0,0.0015388409374281764,2.1149877227344405e-07,7.723060844000429e-05
366,366.0,0.003325296100229025,1.585302555895396e-07,5.7969104091171175e-05
367,367.0,0.0012896712869405746,1.5215935889045795e-07,5.5859385611256585e-05
368,368.0,0.06802818924188614,1.2704441587629844e-06,0.0004686485917773098
369,369.0,0.040727969259023666,1.0233578677798505e-06,0.0003776238881982863
370,370.0,0.05100448802113533,8.327396585627866e-07,0.00030792306642979383
371,371.0,0.04702221602201462,4.941037445860275e-07,0.00018328636360820383
372,372.0,0.039640530943870544,1.5580108083668165e-06,0.0005810110014863312
373,373.0,0.03237605467438698,6.046304292794957e-07,0.00022564390383195132
374,374.0,0.03236420825123787,1.3426289342532982e-06,0.0005031930631957948
375,375.0,0.2050018608570099,1.396474090142874e-06,0.0005249124369584024
376,376.0,0.019735965877771378,1.7710789279590244e-06,0.0006663003005087376
377,377.0,0.019266413524746895,1.8793607523548417e-06,0.0007086272817105055
378,378.0,0.014111634343862534,9.102359399548732e-07,0.00034310008049942553
379,379.0,0.02596462331712246,5.558709403885587e-07,0.0002103207225445658
380,380.0,0.018106138333678246,1.386786493640102e-06,0.0005278097814880311
381,381.0,0.017713934183120728,1.0413479003545945e-06,0.0003964081115555018
382,382.0,0.016180237755179405,8.829549642541679e-07,0.00033713041921146214
383,383.0,0.021052539348602295,1.7724387362250127e-06,0.0006799557595513761
384,384.0,0.02786215767264366,5.934981572863762e-07,0.00022822401660960168
385,385.0,0.01529711578041315,7.1421374059355e-07,0.0002753811713773757
386,386.0,0.026194922626018524,2.532192638682318e-06,0.000979244359768927
387,387.0,0.03186056762933731,1.4637390677307849e-06,0.000565398542676121
388,388.0,0.02319679968059063,1.6246816585407942e-06,0.0006305373972281814
389,389.0,0.020031563937664032,1.8185123735747766e-06,0.0007075951434671879
390,390.0,0.019142694771289825,7.16174781700829e-07,0.0002797433116938919
391,391.0,0.01940038427710533,1.6184307014555088e-06,0.0006340839900076389
392,392.0,0.023417435586452484,1.4459276371781016e-06,0.0005666311481036246
393,393.0,0.017160849645733833,8.338737984558975e-07,0.00032710033701732755
394,394.0,0.015980716794729233,7.134911470529914e-07,0.00028149259742349386
395,395.0,0.02564183436334133,1.8101068235409912e-06,0.0007161637768149376
396,396.0,0.025286372750997543,1.8859440160667873e-06,0.0007469097035937011
397,397.0,0.025470426306128502,6.556086873388267e-07,0.00025904629728756845
398,398.0,0.018234631046652794,1.1201668712601531e-06,0.0004467605031095445
399,399.0,0.020490072667598724,2.0386919459269848e-06,0.0008151226793415844
400,400.0,0.02121419832110405,8.869956786838884e-07,0.0003536465810611844
401,401.0,0.028771620243787766,2.563736416050233e-06,0.0010297350818291306
402,402.0,0.016923801973462105,7.851012924220413e-07,0.00031383210443891585
403,403.0,0.02578263357281685,1.087015334633179e-06,0.00043836908298544586
404,404.0,0.017303885892033577,8.669293833918346e-07,0.0003500193706713617
405,405.0,0.01886655203998089,1.2611584452315583e-06,0.000511163379997015
406,406.0,0.018552010878920555,8.678125027472561e-07,0.0003519385354593396
407,407.0,0.023341849446296692,9.366544304612034e-07,0.00038128718733787537
408,408.0,0.04034270718693733,3.3331166378047783e-06,0.001363093382678926
409,409.0,0.04466788470745087,1.5926718788250582e-06,0.0006497376598417759
410,410.0,0.007370803505182266,1.1189092674612766e-06,0.00045827904250472784
411,411.0,0.01089509017765522,8.396364137297496e-07,0.0003448112984187901
412,412.0,0.013564389199018478,6.396603566827253e-07,0.00026334007270634174
413,413.0,0.0028685093857347965,5.177509478926368e-07,0.0002137092233169824
414,414.0,0.001530651468783617,3.887851391937147e-07,0.00016082807269413024
415,415.0,0.002078606514260173,3.312611625005957e-07,0.00013741586008109152
416,416.0,0.006877587176859379,2.688301776743174e-07,0.00011179278226336464
417,417.0,0.006213197018951178,2.387215545240906e-07,9.951677930075675e-05
418,418.0,0.0032108230516314507,1.9880069146438473e-07,8.305876690428704e-05
419,419.0,0.0029838804621249437,1.981421036134634e-07,8.302088099298999e-05
420,420.0,0.003758808132261038,1.8162447190661624e-07,7.626576552866027e-05
421,421.0,0.021825361996889114,1.6487442167090194e-07,6.939538434380665e-05
422,422.0,0.0022472392302006483,1.370045055182345e-07,5.7788034609984607e-05
423,423.0,0.0014418477658182383,1.4106370826993953e-07,5.9674006479326636e-05
424,424.0,0.06386276334524155,8.373604032385629e-07,0.0003557737509254366
425,425.0,0.04539370909333229,5.948412535872194e-07,0.0002528685436118394
426,426.0,0.06088033691048622,9.415605290996609e-07,0.0004014624864794314
427,427.0,0.0288211852312088,3.3085029826906975e-07,0.0001406623632647097
428,428.0,0.022128190845251083,3.1249416565515276e-07,0.00013385238707996905
429,429.0,0.01928792893886566,8.025140232348349e-07,0.00034476854489184916
430,430.0,0.022969700396060944,5.394802542468824e-07,0.0002319206832908094
431,431.0,0.029392553493380547,3.809005590937886e-07,0.0001642089191591367
432,432.0,0.023316597566008568,5.553893629439699e-07,0.00024010270135477185
433,433.0,0.02842770516872406,6.289740213105688e-07,0.0002727916871663183
434,434.0,0.021290600299835205,8.309916097459791e-07,0.0003608523984439671
435,435.0,0.025230469182133675,4.434136826603208e-07,0.00019249737670179456
436,436.0,0.021318256855010986,1.2867615168943303e-06,0.0005618713330477476
437,437.0,0.02226361259818077,9.78880052571185e-07,0.00042746271356008947
438,438.0,0.07015940546989441,5.998551841912558e-07,0.0002630065428093076
439,439.0,0.01706649176776409,6.27045551482297e-07,0.0002756222093012184
440,440.0,0.019854562357068062,1.4543244333253824e-06,0.0006411112262867391
441,441.0,0.024250643327832222,1.0126594816028955e-06,0.00044730983790941536
442,442.0,0.014419237151741982,3.4704845575106447e-07,0.0001535317423986271
443,443.0,0.021154459565877914,4.2412824541315786e-07,0.0001879658957477659
444,444.0,0.016128189861774445,6.833220140833873e-07,0.0003038420982193202
445,445.0,0.018545540049672127,1.5053183233249001e-06,0.0006708208820782602
446,446.0,0.018430054187774658,3.1073307127371663e-07,0.0001387856900691986
447,447.0,0.02680087648332119,1.6798330761957914e-06,0.0007524351240135729
448,448.0,0.01894870027899742,1.933206931425957e-06,0.0008663300541229546
449,449.0,0.018896332010626793,1.3115994761392358e-06,0.0005882865516468883
450,450.0,0.023936090990900993,1.6225319541263161e-06,0.0007304503233171999
451,451.0,0.02103697881102562,8.862536446940794e-07,0.0003995830484200269
452,452.0,0.023168757557868958,5.619384069177613e-07,0.0002536718675401062
453,453.0,0.021905146539211273,1.0526383675824036e-06,0.0004773358814418316
454,454.0,0.022609984502196312,3.6770035194422235e-07,0.00016646548465359956
455,455.0,0.021672196686267853,1.2851720612161444e-06,0.0005856707575730979
456,456.0,0.02378442883491516,1.2028594937874004e-06,0.0005484216380864382
457,457.0,0.030532049015164375,7.272312245731882e-07,0.0003319626266602427
458,458.0,0.02201215550303459,1.4811588471275172e-06,0.0006794171058572829
459,459.0,0.018421880900859833,8.477587130073516e-07,0.0003884878533426672
460,460.0,0.029822854325175285,6.661890665782266e-07,0.0003069776576012373
461,461.0,0.021246716380119324,5.126014457346173e-07,0.0002365511900279671
462,462.0,0.020541872829198837,1.2401442290865816e-06,0.0005737149622291327
463,463.0,0.03258422017097473,1.9694596176123014e-06,0.0009125890792347491
464,464.0,0.027772918343544006,2.578315616119653e-06,0.0011969472980126739
465,465.0,0.08360183238983154,1.8486452972865663e-06,0.0008588904165662825
466,466.0,0.01719052903354168,1.6580764850004925e-06,0.0007724731112830341
467,467.0,0.02189009264111519,1.2810787666239776e-06,0.0005978867411613464
468,468.0,0.01906856894493103,1.1582592378545087e-06,0.0005419424851424992
469,469.0,0.018302222713828087,1.1036258911190089e-06,0.0005175459082238376
470,470.0,0.013954510912299156,9.947398211807013e-07,0.00046745073632337153
471,471.0,0.021525342017412186,9.85285510068934e-07,0.0004640600236598402
472,472.0,0.05872446671128273,8.40020959458343e-07,0.0003964152710977942
473,473.0,0.013122973032295704,7.72835278439743e-07,0.00036548389471136034
474,474.0,0.010926583781838417,6.662077680630318e-07,0.0003156758612021804
475,475.0,0.011321947909891605,5.746719011767709e-07,0.0002729556290432811
476,476.0,0.008063163608312607,5.629793804473593e-07,0.00026797104510478675
477,477.0,0.007295660674571991,4.792247523255355e-07,0.00022850644018035382
478,478.0,0.008805998601019382,4.14840769735747e-07,0.0001982753601623699
479,479.0,0.010075271129608154,4.2173289216407284e-07,0.0002020169486058876
480,480.0,0.005848963279277086,7.370519483629323e-07,0.0003541777259670198
481,481.0,0.009401550516486168,6.51708944587881e-07,0.00031338667031377554
482,482.0,0.0029468736611306667,5.22985487805272e-07,0.00025195025955326855
483,483.0,0.006034134887158871,4.131942148433154e-07,0.00019946301472373307
484,484.0,0.0017296404112130404,3.528205070324475e-07,0.00017070476314984262
485,485.0,0.0027769103180617094,2.2241877672968258e-07,0.00010795153502840549
486,486.0,0.0015537338331341743,2.443850632971589e-07,0.00011881019599968567
487,487.0,0.0012762107653543353,1.3795904862945463e-07,6.716597272315994e-05
488,488.0,0.028182223439216614,8.191409506252967e-07,0.00040043253102339804
489,489.0,0.039870936423540115,7.219553026516223e-07,0.00035293897963128984
490,490.0,0.02155417576432228,4.017181822746352e-07,0.000196632303413935
491,491.0,0.032849542796611786,4.4702693458020804e-07,0.00021953930263407528
492,492.0,0.025828713551163673,5.12987071488169e-07,0.0002524555893614888
493,493.0,0.03443511202931404,6.263160230446374e-07,0.000309071212541312
494,494.0,0.020662156865000725,2.6113139028893784e-07,0.00012904008326586336
495,495.0,0.022281182929873466,4.332081005031796e-07,0.0002147098712157458
496,496.0,0.01771923340857029,8.205357744373032e-07,0.00040766657912172377
497,497.0,0.018831735476851463,6.334847171274305e-07,0.0003146548697259277
498,498.0,0.014745106920599937,3.051904400308558e-07,0.00015204687952063978
499,499.0,0.0140122901648283,4.996721258976322e-07,0.00024961517192423344
500,500.0,0.023684654384851456,3.8367758747881453e-07,0.00019197844085283577
501,501.0,0.01911146752536297,1.752502214458218e-07,8.785899262875319e-05
502,502.0,0.027529548853635788,2.569454977674468e-07,0.00012913365208078176
503,503.0,0.019835565239191055,7.693389534324524e-07,0.00038761034375056624
504,508.8714518160823,63.6313476441393,509.45721709006926,63.6313476441393
